1 0.0102089 -0.00306268
2 0.0294768 -0.00884305
3 0.0351152 -0.0105346
4 0.0283994 -0.00851982
5 0.0280506 -0.00820185
6 0.0280506 -0.00844603
7 0.0280506 -0.00844603
8 0.0280506 -0.00844603
9 0.0280506 -0.00844603
10 0.0280506 -0.00844603
11 0.0278854 -0.00831149
12 0.0222446 -0.00281089
13 0.0259986 -0.00788559
14 0.0245676 -0.00648154
15 0.0136435 -0.00420607
16 0.0241285 -0.00735156
17 -0.0521526 0.0689868
18 -0.118998 0.0356438
19 -0.176195 0.0930345
20 -0.168679 0.0507419
21 -0.124203 0.037399
22 -0.0638423 -0.0228912
23 -0.114562 0.034577
24 -0.108559 0.0286933
25 -0.0634887 0.0193744
26 -0.0017803 0.000861891
27 0.0625555 -0.0635427
28 0.120377 -0.0358542
29 0.159789 -0.0754415
30 0.186098 -0.0557461
31 0.198158 -0.0593641
32 0.197894 -0.0593184
33 0.190096 -0.0571632
34 0.177457 -0.0533714
35 0.16267 -0.0387636
36 0.148069 -0.044734
37 0.138692 -0.03551
38 0.205444 -0.0620992
39 0.315936 -0.0952469
40 0.346082 -0.125774
41 0.321421 -0.097273
42 0.2695 -0.0456488
43 0.20167 -0.0616441
44 0.256043 -0.0779559
45 0.252542 -0.0747332
46 0.212579 -0.0651945
47 0.149819 -0.0463667
48 0.0890227 0.0143321
49 0.030637 -0.0107099
50 -0.0225039 0.0424557
51 -0.0627249 0.0173234
52 -0.0910513 0.04575
53 -0.111192 0.0319637
54 -0.121883 0.0427883
55 -0.0904937 0.0258883
56 -0.0903228 0.025837
57 -0.090143 0.0257831
58 -0.0900704 0.0258096
59 -0.0900865 0.0258652
60 -0.0903724 0.025951
61 -0.0903779 0.0259526
62 -0.0904081 0.0259617
63 -0.0904363 0.0259701
64 -0.0904632 0.0260966
65 -0.090442 0.0260714
66 -0.0875369 0.0232626
67 -0.0635888 0.0181117
68 -0.0442401 -0.00118838
69 -0.0319393 0.00866548
70 -0.0267326 0.00710347
71 -0.0259727 0.0063722
72 -0.0292569 0.00788934
73 -0.0348309 0.0135016
74 -0.0407905 0.0113877
75 -0.0470701 0.0132716
76 -0.0528446 0.0191043
77 -0.0583567 0.0167157
78 -0.0575503 0.0164738
79 0.018013 -0.0591093
80 0.0554566 -0.0174481
81 0.058297 -0.0203526
82 0.0404424 -0.013008
83 0.0104646 -0.0040146
84 -0.0236716 0.0301477
85 -0.138421 0.0406772
86 -0.203803 0.0602916
87 -0.228535 0.085275
88 -0.221928 0.0659805
89 -0.199283 0.0435549
90 -0.167251 0.0497966
91 -0.132834 0.0394717
92 -0.104462 0.011214
93 -0.0822142 0.0244006
94 -0.0660956 0.019565
95 -0.0569239 0.0104559
96 -0.0533629 0.0158078
97 -0.0537552 0.0162593
98 -0.0612666 0.018238
99 -0.0617119 0.0183716
100 -0.0504532 0.00716844
101 -0.0587577 0.0175409
102 -0.0628909 0.0187808
103 -0.0668719 0.0228354
104 -0.0580088 0.0173898
