1 1.42327e-07 2.93511e-08 0
2 8.18032e-07 1.64492e-07 0
3 2.2546e-07 4.59777e-08 0
4 2.26702e-07 4.62262e-08 0
5 1.54975e-07 2.77321e-08 0
6 5.49274e-08 1.20262e-08 0
7 2.74657e-07 5.5972e-08 0
8 6.02061e-08 1.30819e-08 0
9 1.25627e-07 2.6166e-08 0
10 2.00712e-07 4.11831e-08 0
11 -0.112384 0 0.0293322
12 -2.33273 0 0.602212
13 -3 0 0.602445
14 -3 0 0.605445
15 -2.02202 0 0.409848
16 -1.3246 0 0.270366
17 -1.04104 0 0.197681
18 -0.999797 0 0.206446
19 -1.0215 0 0.213109
20 -1.03597 0 0.214702
21 -1.0327 0 0.214048
22 -1.02965 0 0.214284
23 -1.03007 0 0.214552
24 -1.03264 0 0.216253
25 -1.02672 0 0.214913
26 -1.02342 0 0.214255
27 -1.0214 0 0.21475
28 -1.02566 0 0.215723
29 -1.02194 0 0.215778
30 -1.02137 0 0.215887
31 -1.01764 0 0.215142
32 -1.02562 0 0.218241
33 -1.0142 0 0.215478
34 -1.01108 0 0.214855
35 -1.00916 0 0.215364
36 -1.00841 0 0.21533
37 -1.00788 0 0.2162
38 -1.00642 0 0.21594
39 -1.00629 0 0.215914
40 -1.0109 0 0.218123
41 -1.01965 0 0.219597
42 -1.02409 0 0.221776
43 -1.02815 0 0.222321
44 -1.02657 0 0.222004
45 -0.99436 0 0.214625
46 -0.993955 0 0.216476
47 -1.00808 0 0.2193
48 -0.935151 0 0.201275
49 -0.03401 0 0.0254224
50 0.625763 0.146744 0
51 -0.993853 0 0.216765
52 -0.970039 0 0.211544
53 -0.912942 0 0.201553
54 -0.733402 0 0.155606
55 -0.595495 0 0.138797
56 -0.649435 0 0.149585
57 -0.616937 0 0.143086
58 -0.624372 0 0.145643
59 0.407464 0.0611704 0
60 0.00605763 0 0.019111
61 0.00055128 0 0.0202122
62 0.0432196 0 0.0116786
63 0.00305204 0 0.0197121
64 0.037036 0 0.0108392
65 -0.0732916 0 0.0349438
66 -2.29544 0 0.614997
67 -2.69808 0 0.562197
68 -1.84518 0 0.342289
69 -1.221 0 0.268625
70 -1.0202 0 0.228466
71 -0.953581 0 0.212099
72 -0.949709 0 0.215321
73 -0.97738 0 0.223493
74 -0.967852 0 0.219928
75 -0.978222 0 0.222001
76 -0.960651 0 0.218394
77 -0.957671 0 0.218852
78 -0.958214 0 0.21896
79 -0.966201 0 0.222003
80 -0.962697 0 0.220823
81 -0.962704 0 0.221788
82 -1.1899 0 0.267226
83 -1.10739 0 0.250725
84 -1.01984 0 0.228983
85 -0.992189 0 0.228704
86 -1.09237 0 0.248741
87 -1.03991 0 0.236141
88 -0.987702 0 0.228847
89 -0.959721 0 0.222531
90 -0.946689 0 0.221604
91 -0.95125 0 0.222516
92 -0.942288 0 0.221128
93 -2.82604 0 0.598416
94 -2.9962 0 0.632448
95 -2.98463 0 0.632426
96 -2.98548 0 0.633288
97 -2.99927 0 0.639873
98 -2.98516 0 0.636224
99 -2.98479 0 0.63615
100 -2.99926 0 0.642913
101 -2.99915 0 0.642021
102 -2.99861 0 0.641915
103 -2.97837 0 0.639629
104 -2.99889 0 0.644949
